Minimize
	u0 + v0 + u1 + v1 + u2 + v2 + u3 + v3 + u4 + v4 + u5 + v5 + u6 + v6 + u7 + v7 + u8 + v8 + u9 + v9 + u10 + v10 + u11 + v11 + u12 + v12 + u13 + v13 + u14 + v14 + u15 + v15 + u16 + v16 + u17 + v17 + u18 + v18 + u19 + v19 
Subject To	c1: u0 - v0 + 0.020833333333333332 a0 + 0.4791666666666667 a1 + 0.4791666666666667 a2 + 0.020833333333333332 a3 = 14
	c2: u1 - v1 + 0.04938271604938271 a1 + 0.5740740740740741 a2 + 0.37037037037037035 a3 + 0.006172839506172839 a4 = 15
	c3: u2 - v2 + 0.006172839506172839 a1 + 0.37037037037037035 a2 + 0.5740740740740741 a3 + 0.04938271604938271 a4 = 14
	c4: u3 - v3 + 0.04938271604938271 a2 + 0.5740740740740741 a3 + 0.37037037037037035 a4 + 0.006172839506172839 a5 = 11
	c5: u4 - v4 + 0.16666666666666666 a2 + 0.6666666666666666 a3 + 0.16666666666666666 a4 = 14
	c6: u5 - v5 + 0.006172839506172839 a2 + 0.37037037037037035 a3 + 0.5740740740740741 a4 + 0.04938271604938271 a5 = 6
	c7: u6 - v6 + 0.0007716049382716049 a2 + 0.26157407407407407 a3 + 0.6412037037037037 a4 + 0.09645061728395063 a5 = 7
	c8: u7 - v7 + 0.09645061728395063 a3 + 0.6412037037037037 a4 + 0.26157407407407407 a5 + 0.0007716049382716049 a6 = 8
	c9: u8 - v8 + 0.006172839506172839 a3 + 0.37037037037037035 a4 + 0.5740740740740741 a5 + 0.04938271604938271 a6 = 6
	c10: u9 - v9 + 0.09645061728395063 a4 + 0.6412037037037037 a5 + 0.26157407407407407 a6 + 0.0007716049382716049 a7 = 2
	c11: u10 - v10 + 0.0007716049382716049 a0 + 0.26157407407407407 a1 + 0.6412037037037037 a2 + 0.09645061728395063 a3 = 12
	c12: u11 - v11 + 0.16666666666666666 a1 + 0.6666666666666666 a2 + 0.16666666666666666 a3 = 14
	c13: u12 - v12 + 0.020833333333333332 a1 + 0.4791666666666667 a2 + 0.4791666666666667 a3 + 0.020833333333333332 a4 = 13
	c14: u13 - v13 + 0.04938271604938271 a2 + 0.5740740740740741 a3 + 0.37037037037037035 a4 + 0.006172839506172839 a5 = 5
	c15: u14 - v14 + 0.020833333333333332 a2 + 0.4791666666666667 a3 + 0.4791666666666667 a4 + 0.020833333333333332 a5 = 7
	c16: u15 - v15 + 0.16666666666666666 a3 + 0.6666666666666666 a4 + 0.16666666666666666 a5 = 8
	c17: u16 - v16 + 0.04938271604938271 a3 + 0.5740740740740741 a4 + 0.37037037037037035 a5 + 0.006172839506172839 a6 = 7
	c18: u17 - v17 + 0.020833333333333332 a3 + 0.4791666666666667 a4 + 0.4791666666666667 a5 + 0.020833333333333332 a6 = 6
	c19: u18 - v18 + 0.006172839506172839 a3 + 0.37037037037037035 a4 + 0.5740740740740741 a5 + 0.04938271604938271 a6 = 5
	c20: u19 - v19 + 0.0007716049382716049 a3 + 0.26157407407407407 a4 + 0.6412037037037037 a5 + 0.09645061728395063 a6 = 3
